68,35
3,2
10,270
10,64
10,204
10,94
10,166
10,134
10,80
11,4
11,2
11,3
9,2
9,3
8,11
8,18
8,4
8,14
8,2
8,3
53,3
53,1
39,3
39,1
38,3
38,1
37,3
37,1
36,7
36,6
36,5
36,4
36,3
36,1
35,5
35,4
35,3
35,1
34,4
34,3
34,1
33,4
33,3
33,1
29,4
29,3
29,2
29,1
29,0
20,3
20,2
20,1
19,3
19,2
19,1
18,3
18,1
17,3
17,2
17,1
16,3
16,2
16,1
15,3
15,2
15,1
14,3
14,1
13,3
13,1
12,3
12,2
12,1
11,27
11,26
11,25
11,24
11,23
11,22
11,21
11,20
11,19
11,18
11,17
11,16
11,15
11,14
11,13
11,12
11,11
11,10
11,9
11,8
11,7
11,6
2,2
2,1
11,1
2,3
